FANN_FLO_2.1
num_layers=3
learning_rate=0.700000
connection_rate=1.000000
network_type=0
learning_momentum=0.000000
training_algorithm=2
train_error_function=1
train_stop_function=0
cascade_output_change_fraction=0.010000
quickprop_decay=-0.000100
quickprop_mu=1.750000
rprop_increase_factor=1.200000
rprop_decrease_factor=0.500000
rprop_delta_min=0.000000
rprop_delta_max=50.000000
rprop_delta_zero=0.100000
cascade_output_stagnation_epochs=12
cascade_candidate_change_fraction=0.010000
cascade_candidate_stagnation_epochs=12
cascade_max_out_epochs=150
cascade_min_out_epochs=50
cascade_max_cand_epochs=150
cascade_min_cand_epochs=50
cascade_num_candidate_groups=2
bit_fail_limit=3.49999999999999977796e-01
cascade_candidate_limit=1.00000000000000000000e+03
cascade_weight_multiplier=4.00000000000000022204e-01
cascade_activation_functions_count=10
cascade_activation_functions=3 5 7 8 10 11 14 15 16 17 
cascade_activation_steepnesses_count=4
cascade_activation_steepnesses=2.50000000000000000000e-01 5.00000000000000000000e-01 7.50000000000000000000e-01 1.00000000000000000000e+00 
layer_sizes=4 5 2 
scale_included=0
neurons (num_inputs, activation_function, activation_steepness)=(0, 0, 0.00000000000000000000e+00) (0, 0, 0.00000000000000000000e+00) (0, 0, 0.00000000000000000000e+00) (0, 0, 0.00000000000000000000e+00) (4, 5, 5.00000000000000000000e-01) (4, 5, 5.00000000000000000000e-01) (4, 5, 5.00000000000000000000e-01) (4, 5, 5.00000000000000000000e-01) (0, 5, 0.00000000000000000000e+00) (5, 5, 5.00000000000000000000e-01) (0, 5, 0.00000000000000000000e+00) 
connections (connected_to_neuron, weight)=(0, -5.10682343302897663762e+02) (1, 3.53682194428503578365e+02) (2, -7.15258999615376040992e+01) (3, 1.19566493852742314630e+03) (0, -5.10682343302897663762e+02) (1, 3.53682194428503578365e+02) (2, -7.15258999615376040992e+01) (3, 1.19566493852742314630e+03) (0, 3.26799143620483278028e+02) (1, -7.16646939267294555975e+02) (2, 1.47263552765571807868e+03) (3, 8.42342584768671144957e+02) (0, -5.10682343302897663762e+02) (1, 3.53682194428503578365e+02) (2, -7.15258999615376040992e+01) (3, 1.19566493852742314630e+03) (4, 5.16697093354287151357e-01) (5, 5.16697093354287151357e-01) (6, 1.61701244396136289971e+00) (7, 5.16697093354287151357e-01) (8, -1.30629771572582042971e+00) 
